0 0.7591711770816247 0.30597014925373134 0.7707615767317259 0.3787313432835821 0.7765567765567765 0.42350746268656714 0.7722103766879885 0.4776119402985074 0.7924935760756655 0.49067164179104483 0.7895959761631403 0.5055970149253731 0.76206877699415 0.5223880597014925 0.7432343775627356 0.5055970149253731 0.7519271773003114 0.48507462686567165 0.7446831775189984 0.4626865671641791 0.7475807774315235 0.42910447761194026 0.725848778087584 0.42350746268656714 0.6968727789623311 0.417910447761194 0.6954239790060684 0.44776119402985076 0.6780383795309167 0.4533582089552239 0.6722431797058661 0.42910447761194026 0.6461647804931387 0.44029850746268656 0.6649991799245529 0.4776119402985074 0.6693455797933409 0.5149253731343284 0.6823847793997047 0.5186567164179104 0.705565578699907 0.5055970149253731 0.7026679787873816 0.5485074626865671 0.7070143786561696 0.5839552238805971 0.7316439779126344 0.5746268656716418 0.7446831775189984 0.5466417910447762 0.7591711770816247 0.5373134328358209 0.7649663769066752 0.5466417910447762 0.7736591766442511 0.5895522388059702 0.998223169864961 0.6063432835820894 0.9924279700399103 0.2388059701492537 0.9431687715269803 0.22014925373134328 0.8982559728828384 0.19776119402985073 0.8852167732764746 0.15485074626865672 0.827264775025969 0.17537313432835824 0.8330599748510195 0.19776119402985073 0.802635175769504 0.21641791044776115 0.7953911759881908 0.24813432835820895 0.7678639768192006 0.208955223880597 0.7562735771690996 0.22014925373134328 0.7301951779563719 0.2332089552238806 0.7142583784374829 0.2388059701492537 0.7084631786124322 0.26119402985074625 0.7012191788311191 0.3283582089552239 0.7229511781750587 0.31716417910447764
0 0.6273303810617242 0.3302238805970149 0.6563063801869773 0.30970149253731344 0.6418183806243508 0.27052238805970147 0.6128423814990979 0.2873134328358209
0 0.6476135804494014 0.26119402985074625 0.6780383795309167 0.2798507462686567 0.6794871794871794 0.25 0.6954239790060684 0.23134328358208955 0.640369580668088 0.22388059701492538 0.624432781149199 0.21641791044776115 0.604149581761522 0.21828358208955223 0.6316767809305122 0.24440298507462688
0 0.5548903832485922 0.22014925373134328 0.583866382373845 0.22014925373134328 0.5780711825487944 0.19029850746268656 0.5418511836422284 0.19216417910447758
0 0.48534798534798523 0.1623134328358209 0.507079984691925 0.18283582089552242 0.5461975835110163 0.16417910447761194 0.5737247826800065 0.1417910447761194 0.5375047837734405 0.12313432835820896 0.48679678530424797 0.11940298507462685 0.46651358591657094 0.12126865671641791
0 0.45637198622273245 0.1865671641791045 0.4331911869225301 0.208955223880597 0.45637198622273245 0.22761194029850745 0.4752063856541468 0.2667910447761194 0.4940407850855612 0.2891791044776119 0.4983871849543491 0.251865671641791 0.48534798534798523 0.22761194029850745
0 0.4447815865726313 0.2537313432835821 0.45347438631020714 0.32089552238805974 0.47955278552293473 0.32089552238805974 0.5041823847793997 0.3283582089552239 0.46941118582909624 0.27611940298507465
0 0.5375047837734405 0.22574626865671643 0.543299983598491 0.26492537313432835 0.5737247826800065 0.26865671641791045 0.6012519818489968 0.251865671641791 0.5751735826362692 0.22574626865671643
0 0.5186703843420261 0.3880597014925373 0.5259143841233392 0.41417910447761197 0.5447487835547536 0.416044776119403 0.5404023836859657 0.38432835820895517
0 0.4723087857416215 0.4552238805970149 0.4752063856541468 0.5186567164179104 0.5157727844295008 0.503731343283582 0.5172215843857634 0.47947761194029853
0 0.5621343830299054 0.5541044776119403 0.583866382373845 0.5988805970149254 0.5998031818927341 0.5970149253731343 0.6273303810617242 0.5802238805970149 0.6461647804931387 0.5447761194029851 0.624432781149199 0.5242537313432836 0.5940079820676835 0.5559701492537313
