0 0.5422938208560801 0.4813863928112966 0.5911401392787785 0.441591784338896 0.5592405027578327 0.417201540436457 0.6110774121043697 0.3722721437740693 0.6718860942224228 0.39152759948652116 0.7017920034608096 0.35301668806161746 0.7466508673183898 0.35173299101412064 0.7027888671020892 0.27086007702182285 0.6439739122665952 0.22849807445442877 0.615064866669488 0.24518613607188702 0.6011087756915742 0.25673940949935814 0.5801746392247034 0.21309370988446727 0.5502687299863166 0.22464698331193836 0.5422938208560801 0.2362002567394095 0.48447572966186575 0.21822849807445444 0.45456982042347893 0.22978177150192555 0.404726638359501 0.2323491655969191 0.4236670475438126 0.28498074454428757 0.4446011840106834 0.3363286264441592 0.36784268363215733 0.3543003851091143 0.3349461834699319 0.3774069319640565 0.32099009249201804 0.3992297817715019 0.32099009249201804 0.4621309370988447 0.37183013819727556 0.47368421052631576 0.4166890020548557 0.46983311938382544 0.43263882031532863 0.4197689345314506 0.4535729567821994 0.423620025673941 0.4605510022711563 0.47368421052631576 0.4954412297159409 0.4929396662387677
0 0.1196236369535471 0.19127086007702182 0.19040095548439578 0.22593068035943517 0.23027550113557815 0.17843388960205392 0.2561939558088467 0.13222079589216945 0.13956090977913826 0.10654685494223363 0.06978045488956913 0.16046213093709885 0.07277104581340782 0.21309370988446727 0.12361109151866533 0.22721437740693198
0 0.126601682442504 0.23491655969191272 0.06778672760701002 0.24390243902439024 0.08373654586748297 0.29781771501925547 0.09569890956283768 0.31065468549422337 0.11264559146459018 0.28754813863928114 0.151523273474493 0.2952503209242619 0.14554209162681564 0.2631578947368421
0 0.7875222766108517 0.13222079589216945 0.7536289128073467 0.20282413350449294 0.7635975492201422 0.2490372272143774 0.7964940493823677 0.26700898587933247 0.8303874131858727 0.23491655969191272 0.8473340950876252 0.18741976893453147 0.8363685950335501 0.1540436456996149
0 0.8563058678591413 0.06675224646983312 0.8084564130777224 0.10012836970474968 0.834374867750991 0.13607188703465983 0.8812274588911303 0.12066752246469833 0.895183549869044 0.0821566110397946
0 0.8423497768812276 0.5224646983311938 0.8672713679132165 0.4390243902439025 0.8313842768271523 0.40949935815147626 0.8034720948713246 0.3992297817715019 0.7805442311218946 0.4390243902439025 0.7775536401980561 0.4646983311938382 0.7945003220998086 0.5006418485237484
0 0.7496414582422285 0.5609756097560976 0.7805442311218946 0.5019255455712451 0.707773185308487 0.4711168164313222 0.675873548787541 0.47881899871630296 0.6948139579718527 0.5468549422336328 0.725716730851519 0.5596919127086007
0 0.6728829578637024 0.6123234916559692 0.716744958080003 0.5956354300385109 0.757616367372465 0.5956354300385109 0.7665881401439809 0.62002567394095 0.7705755947090992 0.6623876765083441 0.7386759581881533 0.6777920410783055 0.7207324126451212 0.7008985879332478 0.7057794580259279 0.6854942233632861 0.6888327761241755 0.6649550706033377
0 0.8722556861196142 0.6508344030808729 0.8174281858492385 0.6598202824133504 0.8214156404143567 0.7124518613607189 0.8622870497068186 0.7317073170731707 0.8632839133480982 0.748395378690629 0.8911960953039259 0.748395378690629 0.9300737773138288 0.7496790757381259 0.9530016410632585 0.7406931964056482 0.9649640047586132 0.6944801026957638 0.9091396408469579 0.6328626444159179 0.9061490499231192 0.6585365853658537
0 0.6210460485171653 0.8215661103979461 0.5751903210183056 0.8536585365853658 0.5761871846595852 0.8921694480102695 0.5881495483549398 0.9152759948652118 0.6090836848218106 0.9435173299101414 0.6310146849299609 0.9486521181001284 0.6589268668857886 0.9204107830551991 0.6688955032985843 0.8844672657252889 0.6599237305270681 0.8664955070603338 0.6429770486253156 0.8395378690629012
0 0.21631941015766432 0.8125802310654684 0.27114691042804007 0.8074454428754814 0.2751343649931583 0.7715019255455712 0.27114691042804007 0.7265725288831836 0.23426295570069638 0.7188703465982029 0.17644486450648197 0.7317073170731707 0.18242604635415932 0.7766367137355584
0 0.2731406377105992 0.9293966623876764 0.27413750135187875 0.9370988446726572 0.28909045597107214 0.8703465982028241 0.24223786483093288 0.8549422336328625 0.20635077374486874 0.865211810012837 0.19040095548439578 0.8754813863928113 0.19438841004951402 0.9075738125802311 0.22529118292918035 0.9306803594351734
0 0.26416886493908315 0.637997432605905 0.3199932288507385 0.5635430038510911 0.2601814103739649 0.5237483953786907 0.22529118292918035 0.527599486521181 0.21532254651638477 0.5596919127086007 0.21033822830998697 0.5892169448010269 0.23027550113557815 0.6251604621309371
0 0.3000559560251473 0.37869062901155326 0.37183013819727556 0.31835686777920413 0.31500891064434067 0.2901155327342747 0.2940747741774699 0.306803594351733 0.22828177385301904 0.3247753530166881 0.23426295570069638 0.34274711168164307 0.26416886493908315 0.3722721437740693
0 0.5243502753130481 0.6033376123234917 0.5712028664531874 0.5327342747111682 0.5173722298240911 0.5224646983311938 0.45556668406475853 0.5198973042362003 0.47650082053162923 0.5738125802310655 0.5034161388461773 0.6033376123234917
