0 0.6155000155695398 0.5229370190234539 0.6046149670626829 0.5853766819206339 0.6115418161125009 0.5981194702669971 0.6194582150265786 0.5904737972591791 0.6362805627189937 0.5318569708659082 0.6323223632619549 0.5165656248502722
0 0.6303432635334355 0.5955709125977244 0.6164895654337995 0.6032165856055424 0.6234164144836174 0.6159593739519057 0.6392492123117728 0.6185079316211782
0 0.5046704307724523 0.43501177943354746 0.48586898335151774 0.4630459137955466 0.4898271828085566 0.48598293281900046 0.5076390803652314 0.49617716349609103 0.5155554792793091 0.48853149048827305 0.5066495305009717 0.4719658656380009 0.5135763795507896 0.4617716349609103
0 0.5135763795507896 0.5382283650390898 0.5056599806367119 0.5484225957161803 0.5145659294150493 0.5611653840625437 0.522482328329127 0.5777310089128158 0.5205032286006076 0.5993937491016333 0.5313882771074645 0.5968451914323608 0.5373255762930227 0.5649882205664526
0 0.4908167326728163 0.5726338935742706 0.4700361855233624 0.5942966337630881 0.4779525844374401 0.6044908644401787 0.48388988362299834 0.6044908644401787
0 0.5007122313154134 0.5879252395899064 0.48883763294429694 0.601942306770906 0.49378538226559543 0.6134108162826329 0.48586898335151774 0.6312507199675415 0.49774358172263417 0.6376221141407231 0.5096181800937508 0.6388963929753595 0.508628630229491 0.6185079316211782
0 0.4512347381024279 0.38913774138663976 0.44232878932409053 0.43501177943354746 0.4175900427175977 0.449028846614547 0.3987885952966632 0.4477545677799107 0.38592444706128703 0.4273661064257295 0.3918617462468453 0.4171718757486389 0.40571544434648116 0.41080048157545723 0.41165274353203946 0.3929605778905487 0.40571544434648116 0.38149206837882177 0.4146213931248186 0.3700235588670948 0.44331833918835023 0.3712978377017312 0.45816158715224586 0.3700235588670948 0.4720152852518818 0.3789435107095491 0.49378538226559543 0.38149206837882177 0.4947749321298551 0.39423485672518505 0.4769630345731804 0.3967834143944577
0 0.41956914244611715 0.3152295689777329 0.4037363446179618 0.3266980784894598 0.41066319366777976 0.3419894245050957 0.43738104000279193 0.34453798217436843 0.45816158715224586 0.33816658800118676 0.4482660885096487 0.3190524054816418 0.44331833918835023 0.3075838959699149 0.440349689595571 0.28846971345037 0.40571544434648116 0.29101827111964274 0.37899759801146904 0.2935668287889153 0.38295579746850783 0.3050353383006423
0 0.3275410050699641 0.2973896652928243 0.3087395576490296 0.3254237996548235 0.2919172099566145 0.3254237996548235 0.31071865737754906 0.28464687694646107
0 0.2642098137573426 0.299938222962097 0.25332476525048575 0.28846971345037015 0.24441881647214841 0.2668069732615525 0.235512867693811 0.2591613002537346 0.2236382693226945 0.25661274258446193 0.21671142027287651 0.248967069576644 0.20879502135879882 0.2591613002537346 0.20483682190175997 0.27827548277327946 0.1969204229876823 0.2706298097654615 0.17020257665267013 0.28846971345037015 0.16030707801007302 0.2948411076235517 0.1563488785530342 0.28082404044255205 0.16327572760285217 0.2540641849151893 0.16426527746711186 0.24132139656882604 0.16228617773859244 0.22603005055319014 0.14942202950321626 0.22220721404928118 0.1335892316750609 0.20691586803364526 0.10885048506856813 0.2030930315297363 0.11874598371116524 0.22985288705709908 0.11181913466134727 0.25024134841128026 0.10390273574726958 0.2604355790883709 0.11775643384690553 0.27317836743473417 0.12666238262524293 0.2820983192771885 0.13259968181080117 0.2973896652928243 0.11379823438986669 0.28846971345037 0.10984003493282785 0.32287524198555073 0.13161013194654148 0.3126810113084602 0.13853698099635944 0.31777812664700555 0.13161013194654148 0.34071514567045935 0.1256728327609832 0.3483608186782774 0.105881835475789 0.33689230916655044 0.09697588669745161 0.3483608186782774 0.08411173846207537 0.3572807705207317 0.08411173846207537 0.37384639537100384 0.11082958479708756 0.3827663472134581 0.13259968181080117 0.38531490488273074 0.143484730317658 0.3967834143944577 0.16129662787433274 0.40188052973300303 0.18108762515952698 0.3789435107095491 0.19494132325916294 0.36874928003245855 0.2127532208158377 0.35600649168609527 0.2196800698656557 0.34071514567045935 0.22561736905121396 0.35473221285145895 0.2206696197299154 0.37512067420564016 0.22858601864399308 0.3865891837173671 0.23749196742233047 0.4235432699218205 0.2483770159291873 0.4439317312760017 0.25233521538622616 0.46559447146481925 0.2602516143003038 0.4706915868033646 0.2701471129429009 0.48853149048827305 0.2810321614497577 0.4706915868033646 0.2919172099566145 0.4706915868033646 0.30478135819199076 0.46559447146481925 0.3196246061558864 0.4757887021419098 0.33149920452700293 0.47451442330727356 0.3404051533053403 0.4796115386458188 0.35129020181219717 0.49617716349609103 0.35920660072627475 0.5254855766927266 0.37207074896165104 0.5254855766927266 0.38295579746850783 0.49108004815754575 0.36217525031905395 0.49108004815754575 0.3572275009977554 0.452851683118456 0.36712299964035255 0.452851683118456 0.35129020181219717 0.4095262027408209 0.33743650371256123 0.40188052973300303 0.3255619053414447 0.42481754875645683 0.3117082072418087 0.41589759691400263 0.30379180832773106 0.43246322176427476 0.2840008110425369 0.44010889477209275 0.28004261158549804 0.4082519239061846 0.27212621267142034 0.4044290874022757 0.29389630968513397 0.3776692318749128 0.28004261158549804 0.37384639537100384 0.2681680132143815 0.38404062604809447 0.2592620644360441 0.36874928003245855 0.25827251457178435 0.3585550493553679 0.24639791620066787 0.35090937634755 0.2770739619927189 0.3343437514972777 0.2760844121284592 0.3266980784894598
0 0.17020257665267016 0.4095262027408209 0.13754743113209975 0.4095262027408209 0.143484730317658 0.4299146640950021 0.1533802289602551 0.4299146640950021 0.1543697788245148 0.4375603371028201 0.1652548273313716 0.45922307729163764 0.16426527746711192 0.4757887021419098 0.16426527746711192 0.49108004815754575 0.16426527746711192 0.5076456730078179 0.16030707801007307 0.5140170671809997 0.13259968181080117 0.5127427883463633 0.14942202950321626 0.5318569708659082 0.16327572760285217 0.5267598555273629 0.17317122624544928 0.5420512015429988 0.18405627475230613 0.5433254803776352 0.19296222353064352 0.5229370190234539 0.19494132325916294 0.511468509511727 0.19988907258046149 0.4923543269921822 0.1909831238021241 0.4872572116536368 0.1988995227162018 0.46559447146481925 0.19395177339490322 0.45922307729163764 0.17712942570248813 0.452851683118456 0.1652548273313716 0.42099471225254786 0.18504582461656582 0.4184461545832752
0 0.2701471129429009 0.5165656248502722 0.2671784633501218 0.5611653840625437 0.25233521538622616 0.5675367782357252 0.25728296470752465 0.5942966337630881 0.2671784633501218 0.605765143274815 0.28004261158549804 0.5942966337630881 0.27311576253568004 0.6185079316211782 0.2681680132143815 0.6287021622982689 0.27410531239993974 0.6439935083139048 0.286969460635316 0.6631076908334497 0.2978545091421728 0.641444950644632 0.3117082072418087 0.6580105754949044 0.29488585954939367 0.6745762003451766 0.29587540941365337 0.6898675463608125 0.3334783042555224 0.6541877389909954 0.3354574039840418 0.6134108162826329 0.3433738028981195 0.5802795665820886 0.3354574039840418 0.5598911052279073 0.33446785411978214 0.5356798073698171 0.3275410050699641 0.5305826920312718 0.3087395576490296 0.5242112978580903 0.28202171131401743 0.5229370190234539
0 0.06234164144836175 0.4184461545832752 0.07421623981947827 0.4273661064257295 0.07421623981947827 0.40188052973300303 0.061352091584102035 0.38404062604809447 0.035623795113349566 0.37512067420564016 0.030676045792051018 0.39041202022127597 0.05046704307724523 0.4273661064257295 0.04650884362020638 0.44648028894527436
0 0.06629984090540059 0.4579487984570013 0.05640434226280349 0.5203884613541813 0.07223714009095884 0.5267598555273629
0 0.057393892127063195 0.5484225957161803 0.052446142805764644 0.5981194702669971 0.05442524253428407 0.6134108162826329 0.08213263873355596 0.6159593739519057 0.08806993791911422 0.6248793257943599 0.10489228561152929 0.601942306770906 0.09895498642597103 0.5802795665820886 0.07421623981947827 0.5891995184245428 0.07520578968373798 0.5637139417318163
0 0.04255064416316754 0.3649264435285496 0.05541479239854378 0.37384639537100384 0.07520578968373798 0.37384639537100384 0.07817443927651711 0.35090937634755 0.09004903764763364 0.343263703339732 0.07619533954799769 0.3266980784894598 0.09499678696893218 0.2973896652928243 0.08609083819059479 0.26935553093082515 0.07817443927651711 0.27827548277327946 0.06234164144836175 0.28719543461573377 0.05541479239854378 0.296115386458188 0.04354019402742725 0.30248678063136963 0.03661334497760928 0.30885817480455124 0.026717846335012178 0.3254237996548235
0 0.05541479239854378 0.2540641849151893 0.06531029104114087 0.26935553093082515 0.09796543656171132 0.2056415891990089 0.08609083819059479 0.19544735852191836 0.07619533954799769 0.19799591619119097 0.06432074117688116 0.23240144472637173 0.05937299185558262 0.21073870453755422 0.06333119131262147 0.19417307968728198 0.04650884362020638 0.19672163735655462 0.044529743891686964 0.23749856006491704
0 0.40868409393926036 0.5777310089128158 0.4017572448894424 0.5891995184245428 0.41066319366777976 0.609587979778724 0.4255064416316754 0.6083137009440877
0 0.4363914901385322 0.6108622586133604 0.4225377920388963 0.6388963929753595 0.42946464108871424 0.6541877389909954 0.4482660885096487 0.6452677871485412 0.454203387695207 0.6236050469597235
0 0.454203387695207 0.5152913460156359 0.4561824874237264 0.4923543269921822 0.4690466356591027 0.48980576932290937 0.4720152852518818 0.503822836503909 0.47399438498040125 0.5165656248502722
0 0.2849903609067965 0.3419894245050957 0.28004261158549804 0.36110360702464056 0.2978545091421728 0.37384639537100384 0.3077500077847699 0.3483608186782774
