0 0.29307791053619037 0.2939666238767651 0.28310927412339476 0.35301668806161746 0.303046546948986 0.38125802310654683 0.32996186526353405 0.39537869062901154 0.37482072912111425 0.4030808729139923 0.3788081836862325 0.441591784338896 0.43363568395660823 0.4557124518613607 0.43762313852172646 0.4300385109114249 0.46852591140139277 0.4223363286264441 0.4735102296077906 0.44801026957637996 0.4864694586531009 0.49422336318568605 0.5084004570525752 0.4852374839537869 0.5442875481386392 0.4813863928112966 0.5741934573770261 0.47881899871630296 0.581171502865983 0.4634146341463415 0.5851589574311012 0.4249037227214377 0.590143275637499 0.39152759948652116 0.590143275637499 0.355584082156611 0.5672154118880691 0.33504492939666236 0.531328320802005 0.32605905006418484 0.5084004570525752 0.32220795892169446 0.45556668406475853 0.3157894736842105 0.4266576384676513 0.3286264441591784 0.4007391837943828 0.3196405648267009 0.3847893655339098 0.306803594351733 0.36684581999087773 0.306803594351733 0.3439179562414479 0.306803594351733 0.3349461834699319 0.3170731707317073 0.32099009249201804 0.31322207958921694 0.31102145607922244 0.3080872913992298
0 0.278124955916997 0.38382541720154045 0.2502127739611693 0.42747111681643124 0.2462253193960511 0.44801026957637996 0.2512096376024489 0.46983311938382544 0.26416886493908315 0.48267008985879334 0.28011868319955613 0.48267008985879334 0.30803086515538375 0.44030808729139925 0.3140120470030611 0.4197689345314506 0.29507163254414104 0.40821565999761605
0 0.47450709324907014 0.025673940949935817 0.4914537751508226 0.08985879332477537 0.48048827509674746 0.13607188703465983 0.4695227750426723 0.17715019255455716 0.46154786591243585 0.2092426187419769 0.4705196386839519 0.22593068035943517 0.5323251844432846 0.2374839537869063 0.5672154118880691 0.22849807445442877 0.590143275637499 0.2118100128369705 0.6070899575392515 0.20282413350449294 0.7207324126451212 0.22849807445442877 0.7665881401439809 0.24390243902439024 0.8373654586748297 0.17843388960205392 0.8373654586748297 0.1399229781771502 0.8403560495986683 0.09627727856225929 0.825403094979475 0.04749679075738125 0.5911401392787785 0.03979460847240052 0.513384775258973 0.03337612323491656
0 0.902161595358001 0.7368421052631579 0.8652776406306573 0.748395378690629 0.8493278223701843 0.7869062901155327 0.8403560495986683 0.8112965340179717 0.8652776406306573 0.8292682926829268 0.9061490499231192 0.834403080872914 0.9320675045963879 0.810012836970475 0.9220988681835922 0.7830551989730423 0.9151208226946352 0.7535301668806161
0 0.4824820023793066 0.834403080872914 0.48048827509674746 0.7676508344030809 0.4605510022711563 0.7458279845956355 0.4346325475978878 0.7496790757381259 0.4166890020548557 0.7625160462130937 0.4077172292833397 0.7766367137355584 0.41569213841357616 0.7971758664955071 0.43363568395660823 0.810012836970475
0 0.2940747741774699 0.8138639281129653 0.24522845575477153 0.8177150192554558 0.2502127739611693 0.8664955070603338 0.2542002285262876 0.8857509627727856 0.278124955916997 0.8960205391527599 0.30204968330770643 0.8870346598202823 0.31500891064434067 0.8767650834403081 0.30803086515538375 0.8523748395378691
0 0.14354836434425652 0.5866495507060334 0.1295922733663427 0.5417201540436457 0.11563618238842886 0.4993581514762516 0.07974909130236472 0.4916559691912708 0.05183690934653707 0.4980744544287548 0.04087140929246192 0.5109114249037228 0.04286513657502104 0.540436456996149 0.05183690934653707 0.5596919127086007 0.06878359124828957 0.5853658536585366 0.0877240004326012 0.6033376123234917 0.10267695505179458 0.6213093709884467 0.1295922733663427 0.613607188703466
0 0.6988014125369709 0.3042362002567394 0.6878359124828958 0.35943517329910146 0.6768704124288206 0.39537869062901154 0.7237230035689599 0.4197689345314506 0.7416665491119919 0.4197689345314506 0.7765567765567767 0.3889602053915276 0.7566195037311855 0.31065468549422337 0.7386759581881533 0.3042362002567394 0.7127575035148849 0.3055198973042362
0 0.15949818260472945 0.7830551989730423 0.17146054630008417 0.7419768934531451 0.14255150070297695 0.7265725288831836 0.12460795515994488 0.7086007702182286 0.09569890956283768 0.7496790757381259 0.11663304602970842 0.7779204107830552
0 0.6957266535434266 0.507572211256819 0.7074871574734312 0.43663254790346234 0.6629210373176244 0.39598172957738165 0.6616830895355189 0.36011336046613385 0.636305160002351 0.36967825889579997 0.6065944132318132 0.3808373070637437 0.6140220999244477 0.43822669764174 0.6449707944770912 0.4661243180615993 0.6740625673565761 0.47648629136040427
0 0.5354124157607331 0.2469287290484189 0.5892631442823328 0.2796087986831112 0.5799785359165398 0.295550296065888 0.6455897683681441 0.3043181196264152 0.7409117475902862 0.2509141033941131 0.7254374003139644 0.23816090548789165 0.6084513349049719 0.20707498559147697
