0 0.5157727844295008 0.5 0.5621343830299054 0.4869402985074627 0.5563391832048548 0.40671641791044777 0.583866382373845 0.38246268656716415 0.6157399814116231 0.376865671641791 0.6432671805806135 0.3787313432835821 0.6678967798370783 0.35634328358208955 0.7070143786561697 0.3451492537313433 0.7186047783062708 0.28171641791044777 0.7012191788311191 0.23694029850746268 0.6563063801869773 0.22388059701492538 0.620086381280411 0.22761194029850745 0.6070471816740473 0.2555970149253731 0.5925591821114209 0.23134328358208955 0.5737247826800065 0.21828358208955223 0.538953583729703 0.22014925373134328 0.5215679842545513 0.22388059701492538 0.5143239844732381 0.24253731343283583 0.4607183860915204 0.22201492537313436 0.4360887868350554 0.23134328358208955 0.4230495872286917 0.2593283582089552 0.4273959870974796 0.3041044776119403 0.43463998687879285 0.32649253731343286 0.43463998687879285 0.3451492537313433 0.4143567874911158 0.3526119402985074 0.38827838827838823 0.3582089552238806 0.3332239899404078 0.417910447761194 0.3332239899404078 0.43843283582089554 0.36509758897818595 0.4869402985074627 0.39117598819091354 0.46828358208955223 0.41725438740364107 0.4328358208955223 0.4389863867475807 0.42910447761194026 0.4578207861789951 0.43470149253731344 0.47085998578535887 0.4626865671641791 0.48534798534798523 0.5
0 0.507079984691925 0.5317164179104478 0.47955278552293473 0.5130597014925373 0.4578207861789951 0.5317164179104478 0.462167186047783 0.5690298507462687 0.44623038652889396 0.582089552238806 0.44333278661636866 0.6082089552238806 0.4766551856104094 0.585820895522388 0.5215679842545513 0.5951492537313433 0.5273631840796019 0.5652985074626866 0.5461975835110163 0.5541044776119403 0.5519927833360668 0.5242537313432836
0 0.26368159203980096 0.6436567164179103 0.2680279919085889 0.6100746268656716 0.29990159094636704 0.5876865671641791 0.2984527909901044 0.5485074626865671 0.2680279919085889 0.5335820895522388 0.22601279317697226 0.5261194029850746 0.22601279317697226 0.5578358208955224 0.2144223935268711 0.5802238805970149 0.2376031928270734 0.6305970149253731
0 0.22021759335192168 0.19029850746268656 0.1970367940517194 0.19776119402985073 0.17095839483899183 0.20335820895522388 0.14487999562626427 0.19216417910447758 0.13763599584495106 0.17723880597014927 0.1188015964135367 0.19216417910447758 0.12025039636979934 0.21455223880597013 0.07823519763818271 0.21455223880597013 0.08547919741949592 0.1791044776119403 0.1188015964135367 0.14738805970149255 0.14487999562626427 0.12313432835820896 0.16371439505767862 0.10261194029850747 0.1738559947515171 0.12126865671641791 0.19848559400798205 0.125 0.22601279317697226 0.125 0.23180799300202282 0.16791044776119401
0 0.7895959761631403 0.416044776119403 0.7895959761631403 0.46082089552238803 0.8098791755508172 0.5074626865671642 0.8301623749384942 0.49067164179104483 0.8345087748072821 0.4253731343283582
0 0.7519271773003114 0.5373134328358209 0.7548247772128369 0.5055970149253731 0.7186047783062708 0.48507462686567165 0.6910775791372805 0.48134328358208955 0.6925263790935432 0.5223880597014925 0.6954239790060684 0.5503731343283582 0.725848778087584 0.5503731343283582
0 0.7490295773877862 0.6100746268656716 0.6939751790498059 0.6063432835820896 0.6823847793997047 0.628731343283582 0.6722431797058662 0.6417910447761195 0.6867311792684926 0.6716417910447761 0.7012191788311191 0.707089552238806 0.7316439779126346 0.7033582089552239 0.7403367776502104 0.664179104477612 0.7490295773877862 0.6380597014925373
0 0.822918375157181 0.6604477611940298 0.8301623749384942 0.7089552238805971 0.8591383740637472 0.7145522388059702 0.8562407741512217 0.7406716417910446 0.8692799737575857 0.7611940298507462 0.8953583729703132 0.7425373134328358 0.9388223716581925 0.7444029850746269 0.9460663714395057 0.6902985074626866 0.9112951724892022 0.6529850746268657 0.8765239735388988 0.664179104477612 0.8518943742824338 0.664179104477612
0 0.6780383795309167 0.8955223880597015 0.6606527800557651 0.8470149253731343 0.6331255808867748 0.835820895522388 0.6012519818489968 0.835820895522388 0.5751735826362692 0.8432835820895522 0.5737247826800065 0.8656716417910446 0.5679295828549559 0.8861940298507462 0.5795199825050571 0.9216417910447761 0.5969055819802088 0.9309701492537313 0.6084959816303099 0.9440298507462687 0.6374719807555628 0.9440298507462687 0.6505111803619266 0.917910447761194 0.6664479798808156 0.9085820895522388
0 0.2535399923459625 0.7910447761194029 0.28396479142747794 0.7630597014925374 0.26657919195232627 0.7481343283582089 0.26223279208353834 0.7220149253731343 0.23325679295828547 0.7201492537313433 0.21297359357060844 0.7313432835820897 0.19124159422666887 0.7182835820895522 0.16226559510141597 0.7220149253731343 0.18399759444535563 0.7910447761194029 0.20862719370182053 0.8097014925373134
0 0.2825159914712153 0.8656716417910446 0.2477447925209119 0.8656716417910446 0.21731999343939642 0.8694029850746269 0.2100759936580832 0.9011194029850746 0.2303591930457602 0.9272388059701493 0.26078399212727565 0.9272388059701493 0.2781695916024274 0.9160447761194029 0.27382319173363945 0.8843283582089554
0 0.1390847958012137 0.292910447761194 0.1463287955825269 0.2593283582089552 0.1289431961073752 0.2555970149253731 0.11590399650101141 0.23694029850746268 0.0985183970258597 0.2593283582089552 0.07968399759444535 0.2593283582089552 0.07533759772565742 0.2873134328358209 0.09272319720080911 0.30970149253731344 0.11155759663222349 0.292910447761194
0 0.1738559947515171 0.31902985074626866 0.15647039527636541 0.35634328358208955 0.18834399431414353 0.36380597014925375 0.19124159422666887 0.3973880597014926 0.23325679295828547 0.40111940298507465 0.24339839265212398 0.375 0.2694767918648515 0.375 0.28975999125252855 0.376865671641791 0.31149199059646815 0.376865671641791 0.31728719042151876 0.35634328358208955 0.344814389590509 0.3526119402985074 0.360751189109398 0.332089552238806 0.35060958941555953 0.31343283582089554 0.3477119895030342 0.291044776119403 0.30424799081515497 0.2966417910447761 0.30279919085889234 0.32649253731343286 0.28975999125252855 0.333955223880597 0.27527199168990213 0.332089552238806 0.26078399212727565 0.32276119402985076 0.24919359247717454 0.333955223880597 0.2245639932207096 0.34888059701492535 0.2144223935268711 0.3526119402985074 0.20283199387676998 0.33955223880597013 0.1999343939642447 0.32276119402985076 0.18979279427040618 0.31902985074626866
0 0.45347438631020714 0.17723880597014927 0.4824503854354599 0.1623134328358209 0.48534798534798523 0.13805970149253732 0.4491279864414192 0.1287313432835821 0.4288447870537422 0.13246268656716417 0.4288447870537422 0.15298507462686567 0.44043518670384335 0.17537313432835824
0 0.4360887868350554 0.09514925373134328 0.4100103876223279 0.08768656716417912 0.4288447870537422 0.05783582089552239 0.4288447870537422 0.041044776119402986 0.4288447870537422 0.016791044776119403 0.421600787272429 0.009328358208955223 0.45347438631020714 0.011194029850746268 0.4650647859603083 0.06529850746268656
0 0.8200207752446558 0.09514925373134328 0.8489967743699086 0.13805970149253732 0.8692799737575857 0.12126865671641791 0.8794215734514242 0.08955223880597014 0.8460991744573834 0.08022388059701493
0 0.8576895741074844 0.3973880597014926 0.8547919741949592 0.46082089552238803 0.8475479744136458 0.5167910447761194 0.8852167732764746 0.5093283582089553 0.9141927724017275 0.48507462686567165 0.9069487726204143 0.42723880597014924 0.9098463725329395 0.3973880597014926 0.9677983707834453 0.38992537313432835 0.9402711716144551 0.3619402985074627
