0 0.3187359903777814 0.710820895522388 0.3361215898529331 0.6697761194029852 0.2912087912087912 0.6399253731343284 0.24339839265212398 0.6473880597014925 0.16226559510141597 0.6492537313432836 0.14198239571373897 0.6772388059701493 0.1738559947515171 0.7089552238805971 0.20572959378929526 0.707089552238806 0.23470559291454812 0.7313432835820897 0.2549887923022251 0.7444029850746269 0.27961839155869006 0.7220149253731343
0 0.19124159422666887 0.6194029850746269 0.1970367940517194 0.5764925373134329 0.16226559510141597 0.5578358208955224 0.13473839593242576 0.5802238805970149 0.1463287955825269 0.6268656716417911 0.15357279536384014 0.6399253731343284
0 0.523016784210814 0.08582089552238806 0.4983871849543491 0.1455223880597015 0.5172215843857634 0.19402985074626866 0.5244655841670767 0.22761194029850745 0.40276638784101465 0.27238805970149255 0.421600787272429 0.2873134328358209 0.5360559838171778 0.26865671641791045 0.5461975835110163 0.30223880597014924 0.5795199825050571 0.333955223880597 0.6099447815865726 0.35447761194029853 0.6215351812366737 0.3414179104477612 0.620086381280411 0.27425373134328357 0.5998031818927341 0.003731343283582089 0.5099775846044502 0.003731343283582089
0 0.41725438740364107 0.6772388059701493 0.41290798753485314 0.6231343283582089 0.3781367885845498 0.6361940298507462 0.37089278880323645 0.6772388059701493 0.36799518889071126 0.6921641791044776
0 0.13328959597616313 0.5167910447761194 0.15502159532010276 0.47947761194029853 0.1361871958886884 0.42723880597014924 0.10721119676343555 0.42350746268656714 0.07099119785686948 0.4421641791044777 0.08692799737575856 0.48134328358208955 0.10286479689464763 0.5018656716417911
0 0.10431359685091027 0.373134328358209 0.1188015964135367 0.3376865671641791 0.07823519763818271 0.31902985074626866 0.04925919851292985 0.32649253731343286 0.052156798425455134 0.35634328358208955 0.06954239790060684 0.3805970149253731
0 0.010141599693838498 0.2873134328358209 0.04925919851292985 0.2630597014925373 0.047810398556667216 0.22201492537313436 0.010141599693838498 0.17723880597014927 0.0028975999125252848 0.27611940298507465
0 0.9504127713082936 0.125 0.9533103712208189 0.15671641791044777 0.9562079711333442 0.1865671641791045 0.944617571483243 0.19962686567164176 0.9735935706084959 0.22574626865671643 0.9851839702585969 0.18283582089552242 0.993876769996173 0.15858208955223882
0 0.46796238587283356 0.42910447761194026 0.4491279864414192 0.3694029850746269 0.4100103876223279 0.3526119402985074 0.381034388497075 0.33955223880597013 0.3578535891968727 0.31156716417910446 0.3361215898529331 0.31156716417910446 0.35350718932808484 0.34701492537313433 0.3694439888469738 0.375 0.3781367885845498 0.3992537313432835 0.4230495872286917 0.41417910447761197 0.45492318626646977 0.43656716417910446
0 0.5476463834672789 0.6697761194029852 0.4983871849543491 0.6847014925373134 0.4983871849543491 0.7145522388059702 0.48679678530424797 0.7555970149253731 0.5114263845607129 0.7667910447761195 0.538953583729703 0.7593283582089554 0.5461975835110163 0.7294776119402985 0.5592367831173801 0.7201492537313433
0 0.2071783937455579 0.9029850746268657 0.1738559947515171 0.8899253731343283 0.17095839483899183 0.9682835820895522 0.18544639440161823 0.9813432835820897 0.21876879339565908 0.9776119402985075 0.22746159313323489 0.9365671641791045
