0 0.5110562957026946 0.018656716417910446 0.5127770239710538 0.05223880597014925 0.44050643669996575 0.06902985074626866 0.24778487064373075 0.4328358208955223 0.23918122930193453 0.4869402985074627 0.23229831622849756 0.5167910447761194 0.28564089254763403 0.5186567164179104 0.43190279535816956 0.4440298507462687 0.47320027379879137 0.3992537313432835 0.5454708610698795 0.36567164179104483 0.6814083942702596 0.34701492537313433 0.7020571334905703 0.3246268656716418 0.7605618946147846 0.32649253731343286 0.7657240794198623 0.2593283582089552 0.7622826228831439 0.22574626865671643 0.8465983080327467 0.17537313432835824 0.8741299603264946 0.15671641791044777 0.9257518083772718 0.15111940298507462 0.88445432993665 0.11194029850746269 0.8603641341796207 0.10261194029850747 0.7571204380780663 0.125 0.7072193182956482 0.15298507462686567 0.6762462094651818 0.15858208955223882 0.605696350462453 0.13059701492537312 0.5661196002901904 0.1287313432835821 0.5798854264370643 0.1044776119402985 0.6177414483409676 0.10074626865671642 0.6315072744878415 0.11753731343283583 0.6745254811968224 0.13246268656716417 0.7003364052222112 0.11753731343283583 0.7433546119311923 0.11007462686567164 0.8810128733999315 0.08768656716417912 0.9119859822303978 0.10261194029850747 0.9584456454760973 0.08022388059701493 0.9894187543065637 0.08208955223880597 0.991139482574923 0.003731343283582089
0 0.9601663737444567 0.5727611940298507 0.8861750582050092 0.5764925373134329 0.8483190363011058 0.6007462686567164 0.8053008295921249 0.5914179104477612 0.784652090371814 0.5951492537313433 0.7278680575159591 0.5727611940298507 0.720985144442522 0.6026119402985075 0.7502375250046291 0.621268656716418 0.784652090371814 0.6138059701492538 0.8259495688124358 0.6194029850746269 0.9085445256936794 0.6100746268656716 0.9550041889393789 0.6044776119402985 0.9790943846964083 0.5951492537313433
0 0.1583070006890502 0.6996268656716418 0.11356806571170992 0.789179104477612 0.0843156851496028 0.826492537313433 0.0843156851496028 0.8694029850746269 0.08087422861288433 0.9253731343283582 0.08087422861288433 0.9682835820895522 0.08087422861288433 0.9850746268656717 0.0034414565367184824 0.9757462686567164 0.006882913073436965 0.8563432835820897 0.03957675017226255 0.8376865671641791 0.06194621766093269 0.7723880597014925 0.08259495688124358 0.7518656716417911 0.11700952224842841 0.6660447761194029 0.12561316359022462 0.6548507462686567 0.14282044627381701 0.664179104477612
0 0.12217170705350613 0.6063432835820896 0.14109971800545779 0.625 0.17551428337264258 0.5746268656716418 0.199604479129672 0.5895522388059702 0.21164957700818668 0.5839552238805971 0.2047666639347497 0.5373134328358209 0.17895573990936106 0.5130597014925373
0 0.8001386447870472 0.835820895522388 0.8362739384225912 0.8619402985074626 0.8810128733999315 0.8899253731343283 0.8276702970807951 0.8917910447761195 0.8104630143972025 0.914179104477612 0.855201949374543 0.9477611940298507 0.8758506885948537 0.9682835820895522 0.9223103518405533 0.9757462686567164 0.9567249172077381 0.9813432835820897 0.991139482574923 0.9813432835820897 0.991139482574923 0.9011194029850746 0.9223103518405533 0.8619402985074626 0.9825358412331268 0.8619402985074626 0.9550041889393789 0.8190298507462687 0.8930579712784463 0.832089552238806
0 0.5712817850952681 0.416044776119403 0.48524537167730597 0.417910447761194 0.4542722628468397 0.458955223880597 0.392326045185907 0.47947761194029853 0.40609187133278096 0.5354477611940298 0.4473893497734027 0.5354477611940298 0.48180391514058757 0.498134328358209 0.5179392087761316 0.46082089552238803 0.591930524315579 0.47201492537313433 0.7158229596374442 0.498134328358209 0.7450753401995515 0.46828358208955223 0.6194621766093269 0.458955223880597 0.6814083942702596 0.42723880597014924 0.6521560137081525 0.3917910447761194 0.6177414483409676 0.417910447761194
0 0.8448775797643875 0.3041044776119403 0.8397153949593097 0.3283582089552239 0.8689677755214169 0.35634328358208955 0.9016616126202425 0.3712686567164179 0.9360761779874273 0.3973880597014926 0.9773736564280491 0.43843283582089554 0.991139482574923 0.3880597014925373 0.9687700150862528 0.34888059701492535 0.9291932649139902 0.33955223880597013 0.9154274387671163 0.31156716417910446 0.8964994278151647 0.30597014925373134
0 0.8930579712784463 0.27238805970149255 0.934355449719068 0.3041044776119403 0.9859772977698452 0.31529850746268656 0.9963016673800007 0.29850746268656714 0.9739321998913304 0.2835820895522388 0.9446798193292234 0.27798507462686567
0 0.25122632718044924 0.8339552238805971 0.2133703052765459 0.8246268656716418 0.21164957700818668 0.8544776119402985 0.15658627242069095 0.8563432835820897 0.11528879398006917 0.8507462686567164 0.11012660917499144 0.878731343283582 0.12045097878514689 0.9011194029850746 0.16518991376248715 0.9067164179104478 0.18067646817772032 0.9384328358208955 0.199604479129672 0.9682835820895522 0.23401904449685682 0.9794776119402985 0.2374605010335753 0.9496268656716418 0.2753165229374786 0.9291044776119403 0.25294705544880847 0.8899253731343283 0.2133703052765459 0.8955223880597015 0.23401904449685682 0.871268656716418
0 0.37856021903903314 0.7276119402985075 0.3682358494288776 0.6884328358208955 0.3527492950136445 0.667910447761194 0.32349691445153733 0.667910447761194 0.29768599042614874 0.6697761194029852 0.27703725120583783 0.667910447761194 0.2546677837171677 0.6548507462686567 0.24090195757029378 0.6417910447761195 0.22197394661834213 0.6268656716417911 0.19272156605623503 0.6399253731343284 0.1961630225929535 0.6697761194029852 0.22025321834998288 0.6921641791044776 0.24434341410701227 0.6977611940298507 0.28047870774255634 0.6996268656716418 0.30973108830466345 0.6996268656716418 0.32349691445153733 0.7182835820895522 0.33554201233005204 0.746268656716418 0.36307366462379986 0.753731343283582 0.39404677345426625 0.7723880597014925
