0 0.013135621688592548 0.021363126298613963 0.01532489197002464 0.05142974849666324 0.06713762196391745 0.04747361399691991 0.08757081125728364 0.05934201749614989 0.11019327083208191 0.043517479497176575 0.14157281153260856 0.04430870639712525 0.13573475744878966 0.0181982186988193 0.11603132491590083 0.004747361399691992 0.09632789238301202 0.017406991798870636 0.07662445985012319 0.008703495899435318 0.06567810844296273 0.018989445598767966
0 0.18973675772411455 0.003956134499743327 0.22403532546655064 0.041935025697279256 0.24811729856230363 0.043517479497176575 0.2561446229275547 0.0181982186988193 0.2517660823646905 0.002373680699845996
0 0.27219927165805663 0.0181982186988193 0.27876708250235294 0.04668238709697125 0.2838753798256945 0.05538588299640656 0.30503832587953805 0.05301220229656057 0.31598467728669843 0.04430870639712525 0.3057680826400154 0.026901714598254616
0 0.2108997037779581 0.07121042099537986 0.216737757861777 0.08624373209440449 0.23060313631084697 0.09732090869368584 0.2291436227898922 0.1068156314930698 0.256874379688032 0.11156299289276178 0.27876708250235294 0.11235421979271046 0.30211929883762856 0.11551912739250512 0.32547151517290424 0.11947526189224844 0.31890370432860793 0.10602440459312114 0.29409197447237756 0.09494722799383983 0.2751182986999661 0.09257354729399384 0.2532255958856452 0.07754023619496919
0 0.04889370295198337 0.17881727938839834 0.04816394619150601 0.2088839015864476 0.05035321647293809 0.22470843958542092 0.02481172985623037 0.23024702788506157 0.02481172985623037 0.25161015418367555 0.05692102731723437 0.2531926079835729 0.07151616252678165 0.23736806998459956 0.08976008153871576 0.23578561618470226 0.1408430547721312 0.23895052378449688 0.15689770350263318 0.2500277003837782 0.18024991983790883 0.2555662886834189 0.1933855415265014 0.24686279278398357 0.2211162984246412 0.24686279278398357 0.20214262265222974 0.23024702788506157 0.1868177306822051 0.21679617058593426 0.1408430547721312 0.20176285948690964 0.1131122978739914 0.19543304428732033 0.08976008153871576 0.19543304428732033 0.07224591928725901 0.18831200218778232
0 0.19849383884984292 0.2824680032816735 0.20798067673604867 0.3093697178799281 0.22841386602941488 0.3133258523796714 0.22549483898750539 0.3006662219804928 0.2561446229275547 0.2982925412806468 0.2831456230652171 0.2998749950805441 0.30284905559810593 0.2982925412806468 0.326931028693859 0.2975013143806981 0.35101300178961187 0.2998749950805441 0.3583105693943856 0.2864241377814168 0.3882305965739575 0.2935451798809548 0.40355548854398215 0.28167677638172484 0.38458181277157066 0.2698083728824948 0.3634188667177271 0.2721820535823408 0.34517494770579304 0.27139082668239217 0.32912029897529105 0.2682259190825975 0.31087637996335693 0.2674346921826488 0.3079573529214475 0.2785118687819302 0.2860646501071266 0.2729732804822895 0.2627124337718509 0.2705995997824435 0.24811729856230363 0.28167677638172484 0.22841386602941488 0.2777206418819815 0.216737757861777 0.28167677638172484
0 0.30868710968192486 0.19305936358747433 0.36268910995724973 0.21204880918624228 0.37655448840631967 0.20651022088660162 0.37290570460393285 0.18989445598767965 0.34882373150817986 0.18039973318829572 0.33130956925672306 0.18277341388814164
0 0.33495835305911004 0.13055243849152975 0.3393368936219741 0.15349801859004106 0.36925692080154604 0.16694887588916837 0.37436521812488766 0.15428924548998973 0.4050150020649369 0.15982783378963036 0.41231256966971047 0.1455857495905544 0.4247184345978256 0.13213489229142708 0.4290969751606898 0.11551912739250512 0.40136621826255003 0.10998053909286448 0.3853115695320481 0.13213489229142708 0.3707164343225007 0.13055243849152975 0.3641486234782045 0.10998053909286448 0.36852716404106867 0.0886174127942505 0.3758247316458423 0.06329815199589323 0.35247251531056667 0.05617710989635523 0.3473642179872251 0.08782618589430184 0.3378773801010194 0.10523317769317247
0 0.4444218671307144 0.1780260524884497 0.4342052724840314 0.2049277670867043 0.473612137549809 0.2136312629861396 0.4998833809269941 0.21996107818572896 0.5166677864179734 0.2183786243858316 0.529803408106566 0.20097163258696096 0.5064511917712903 0.19464181738737169 0.47288238078933165 0.18277341388814164
0 0.569940029932821 0.2429066582842402 0.5684805164118663 0.26901714598254617 0.6202932464057591 0.2864241377814168 0.6268610572500554 0.25952242318316215 0.6188337328848044 0.24132420448434289 0.5962112733100061 0.23262070858490758
0 0.5954815165495287 0.18119096008824434 0.5947517597890514 0.1978067249871663 0.6290503275314875 0.21204880918624228 0.6436454627410347 0.22470843958542092 0.6545918141481952 0.23103825478501025 0.6655381655553556 0.22945580098511292 0.6794035440044255 0.23578561618470226 0.6991069765373144 0.24211543138429156 0.7049450306211332 0.25161015418367555 0.7122425982259069 0.2745557342821868 0.7312162739983183 0.2785118687819302 0.7407031118845241 0.27139082668239217 0.7472709227288205 0.2808855494817762 0.7633255714593222 0.28563291088146814 0.7742719228664828 0.27692941498203283 0.7625958146988451 0.2555662886834189
0 0.5239653540227471 0.004747361399691992 0.5349117054299075 0.030857849097997946 0.5188570566994056 0.03323152979784394 0.4998833809269941 0.02769294149820328 0.5173975431784509 0.04984729469676591 0.5655614893699569 0.06646305959568788 0.5728590569747305 0.04826484089686858 0.5845351651423683 0.03481398359774127 0.6239420302081459 0.042726252597227926 0.6064278679566892 0.028484168398151946 0.5794268678190267 0.011868403499229978 0.569940029932821 0.0
0 0.5283438945856113 0.47631859376909635 0.5181272999389283 0.4929343586680184 0.49623459712460727 0.4881869972683265 0.4860180024779242 0.4842308627685831 0.4787204348731505 0.5071764428670944 0.5049916782503356 0.5277483422657597 0.5173975431784509 0.5396167457649896 0.5371009757113396 0.5324957036654516 0.5480473271185001 0.5024290814674024 0.5670210028909116 0.4881869972683265 0.5429390297951586 0.4597028288701745
0 0.3415261639034062 0.567309687263193 0.30941686644240224 0.5831342252621663 0.2992002717957191 0.6116183936603182 0.30649783940049274 0.6274429316592915 0.3298500557357684 0.6353552006587782 0.35028324502913455 0.6179482088599075 0.3677974072805913 0.6179482088599075 0.3816627857296612 0.6116183936603182 0.3831222992506159 0.5950026287613962 0.4057447588254142 0.6037061246608315 0.4436921103702371 0.5855079059620122 0.42325892107687096 0.567309687263193 0.4057447588254142 0.5799693176623716 0.3736354613644102 0.567309687263193 0.3707164343225007 0.5823429983622176
0 0.2532255958856452 0.631399066159035 0.24008997419705264 0.6480148310579569 0.2313328930713243 0.6741253187562628 0.2627124337718509 0.6812463608558006 0.2751182986999661 0.666213049756776 0.2685504878556698 0.6393113351585215
0 0.15470843322120112 0.6480148310579569 0.144491838574518 0.6701691842565194 0.14157281153260856 0.694697218154928 0.1612762440654974 0.7121042099537988 0.1868177306822051 0.7144778906536446 0.19046651448459195 0.6717516380564167
0 0.9343218915570372 0.002373680699845996 0.8839686750840989 0.05063852159671457 0.9116994319822389 0.07833146309491786 0.8825091615631443 0.07912268999486652 0.8693735398745518 0.10365072389327516 0.8795901345212349 0.13292611919137576 0.8744818371978933 0.16299274138942504 0.8620759722697781 0.18752077528783365 0.8693735398745518 0.2136312629861396 0.9211862698684444 0.177234825588501 0.9540253240899258 0.15112433789019505 0.9591336214132675 0.12264016949204311 0.936511161838469 0.10839808529296713 0.9394301888803787 0.08703495899435315 0.9905131621137941 0.06250692509594455 0.9934321891557034 0.04114379879733059
