0 0.5159991437231656 0.005072294621792605 0.5126229224992409 0.06014292194411231 0.5081212942006745 0.11086586816203836 0.5345683604547518 0.2420209148112471 0.46760663951357756 0.2485424364678376 0.40796006455757367 0.2768023636463964 0.4254038742145182 0.28912079344217845 0.4631050112150112 0.28549772585518374 0.5385072852159972 0.27100545550720484 0.555388391335621 0.31738072062073724 0.5762084222164903 0.3253514693121256 0.5953403424853971 0.346365261316695 0.6189738910528704 0.3478144883514929 0.606594413231813 0.003623067586994718
0 0.13336073834502754 0.4275219752653767 0.09059526950864742 0.435492723956765 0.05627035373207913 0.45070960782214287 0.054019539582795956 0.4709987863093133 0.12379477821057408 0.5296924812186278 0.1434894020168018 0.5282432541838298 0.15249265861393443 0.4992587134878721 0.1558688798378592 0.47534646741370695
0 0.33255779055658763 0.30723613137715206 0.32186642334749266 0.3398437396601046 0.3483134896015698 0.36810366683866325 0.3758859629302886 0.36810366683866325 0.39389247612455386 0.3420175802123014 0.34943889667621136 0.31375765303374253
0 0.0005627035373207913 0.29491770158137 0.03770113700049302 0.27100545550720484 0.05514494665743755 0.23405016611985874 0.041077358224417757 0.1985441037673105 0.02194543795551086 0.18550106045412953 0.0016881106119623736 0.18260260638453377
0 0.16487213643499182 0.2014425578369063 0.11985585344932854 0.22752864446326826 0.09903582256845926 0.25578857164182706 0.09340878719525136 0.2717300690246038 0.115916928688083 0.28259927178558797 0.1339234418823483 0.29491770158137 0.15643158337517998 0.30288845027275835 0.18400405670389877 0.2833238853029869 0.20257327343548487 0.25941163922882177 0.21551545479386305 0.23477477963725768 0.21776626894314624 0.2079640794934968 0.17049917180819973 0.19637026321511372
0 0.08834445535936424 0.31375765303374253 0.06639901740385337 0.3130330395163436 0.05570765019475834 0.3296991504165193 0.05008061482155043 0.3767990290474506 0.08609364121008106 0.3963635940172221 0.10241204379238403 0.399262048086818 0.11479152161344143 0.37607441553005166 0.12041855698664934 0.3521621694558866 0.1091644862402335 0.3304237639339183
0 0.471545564274823 0.38694361829103585 0.4360952414236132 0.360132918147275 0.3832011089154589 0.3702775073908602 0.38263840537813804 0.3876682318084349 0.38207570184081724 0.39781282105202004 0.40570925040829053 0.4144789319521957 0.42990550251308457 0.44201424561335556 0.45466445815519935 0.4405650185785576 0.471545564274823 0.437666564508962 0.4760471925733894 0.4202758400913873
0 0.37138433463172227 0.15361806568857603 0.4135870999307816 0.13405350071880456 0.41246169285614004 0.1065181870576447 0.37532325939296773 0.09275053022706477 0.3618183744972688 0.10724280057504366 0.35225241436281535 0.12898120609701194
0 0.194132720375673 0.6412829628980652 0.20426138404744726 0.5978061518541284 0.17781431779337006 0.5702708381929685 0.15361806568857603 0.564473930053777 0.1367369595689523 0.6093999681325115 0.14461480909144334 0.6304137601370808 0.15024184446465128 0.6463552575198576
0 0.14742832677804732 0.6586736873156396 0.29316854294413225 0.6579490737982409 0.31567668443696395 0.6470798710372566 0.32636805164605887 0.6630213684200332 0.33199508701926683 0.6854843874594007 0.3032972066159065 0.7224396768467468 0.2729112156005838 0.7224396768467468 0.26165714485416797 0.7325842660903318 0.23014574676420363 0.7275119714685393 0.20876301234601358 0.70649817946397 0.18512946377854037 0.7014258848421773 0.17612620718140767 0.6862090009767996 0.17162457888284133 0.7209904498119486 0.14292669847948097 0.7238889038815447 0.13955047725555625 0.6978028172551827 0.1339234418823483 0.6847597739420016 0.1412385878675186 0.6673690495244269
0 0.38263840537813804 0.7231642903641456 0.4411595732595004 0.6659198224896291 0.4192141353039895 0.642732189932863 0.38770273721402515 0.642732189932863 0.36800811340779754 0.6746151846984163 0.361255670959948 0.6912812955985921 0.3646318921838727 0.7101212470509647
0 0.5396326922906388 0.7492503769905077 0.5643916479327538 0.7079474064987678 0.5480732453504507 0.6702675035940228 0.514873736648524 0.6833105469072038 0.5030569623647875 0.7021504983595763 0.5131856260365616 0.7434534688513161
0 0.23521007860009077 0.525344800114234 0.2644706625407719 0.5188232784576435 0.29148043233216986 0.48621567017469114 0.2791009545111125 0.4543326754091375 0.2650333660780927 0.4398404050611587 0.20088516282352248 0.4267973617479777 0.17162457888284133 0.4267973617479777 0.14461480909144334 0.4347681104393661 0.1626213222857087 0.4789695350007016 0.19188190622638984 0.48621567017469114 0.20988841942065511 0.4920125783138826
0 0.2177662689431462 0.9275386482601056 0.1935700168383522 0.8884095183205625 0.17218728242016212 0.8934818129423552 0.16487213643499182 0.9485524402646749 0.16881106119623737 0.9731892998562389 0.21720356540582542 0.9862323431694199 0.22001708309242937 0.9557985754386644
0 0.7951000982342781 0.6884161875184543 0.7821579168759 0.6920392551054487 0.7664022178309178 0.7217484093188056 0.763025996606993 0.7391391337363803 0.7776562885773336 0.765949833880141 0.7883476557864286 0.768123674432338 0.8097303902046187 0.7731959690541305 0.8479942307424324 0.7898620799543061 0.8688142616233017 0.7905866934717051 0.8699396686979434 0.7775436501585243 0.8975121420266621 0.7384145202189812 0.8474315272051117 0.6913146415880499 0.8299877175481671 0.6869669604836562 0.8254860892496008 0.6978361632446404 0.8237979786376386 0.7130530471100183 0.8131066114285432 0.7058069119360287
0 0.7416432621888029 0.7898620799543061 0.7219486383825753 0.805803577337083 0.7472702975620109 0.8275419828590513 0.7720292532041256 0.8529034559680143 0.8035406512940899 0.85580191003761 0.8136693149658644 0.8137743260284716 0.8001644300701652 0.8094266449240777 0.7860968416371454 0.8210204612024609 0.7714665496668048 0.8094266449240777 0.7703411425921632 0.7942097610586998
0 0.9808680797310929 0.11811200333602778 0.9471058674918453 0.14129963589279398 0.9583599382382612 0.1681103360365549 0.9746783408205641 0.18405183341933162 0.993810261089471 0.18767490100632636 0.996623778776075 0.14637193051458658
