0 0.41170468384845793 0.46983311938382544 0.37482072912111425 0.5353016688061617 0.39874545651182364 0.5776636713735558 0.4436043203694038 0.5815147625160462 0.4735102296077906 0.5340179717586649 0.48048827509674746 0.5109114249037228 0.4535729567821994 0.47625160462130933
0 0.43064509303276954 0.5892169448010269 0.38977368374030763 0.5982028241335045 0.38877682009902803 0.6277278562259306 0.39575486558798495 0.6482670089858793 0.42765450210893086 0.6546854942233634 0.45855727498859716 0.6469833119383825 0.44958550221708116 0.6161745827984596
0 0.6659049123747455 0.4685494223363286 0.6988014125369709 0.38767650834403083 0.6678986396573046 0.3697047496790758 0.6110774121043697 0.38382541720154045 0.5911401392787785 0.4390243902439025 0.5971213211264559 0.46983311938382544
0 0.9091396408469579 0.27086007702182285 0.8483309587289048 0.30166880616174585 0.8573027315004208 0.3247753530166881 0.8632839133480982 0.3491655969191271 0.8991710044341623 0.3504492939666239 0.9091396408469579 0.3196405648267009 0.9230957318248717 0.3080872913992298
0 0.7336916399817555 0.12066752246469833 0.7775536401980561 0.0821566110397946 0.716744958080003 0.059050064184852376 0.6908265034067343 0.07958921694480103 0.6888327761241755 0.10397946084724005 0.7037857307433687 0.1245186136071887
0 0.3788081836862325 0.8087291399229781 0.29606850146002905 0.7496790757381259 0.26416886493908315 0.7984595635430038 0.27912181955827653 0.8292682926829268 0.3349461834699319 0.8626444159178434
0 0.8503246860114639 0.441591784338896 0.818425049490518 0.5044929396662388 0.8762431406847324 0.5160462130937099 0.8961804135103236 0.48267008985879334 0.9121302317707964 0.45699614890885754
0 0.027912181955827654 0.637997432605905 0.10367381869307414 0.6097560975609756 0.07775536401980561 0.5661103979460848 0.06180554575933266 0.5545571245186136 0.03588709108606413 0.5776636713735558 0.014952954619193387 0.5917843388960206
0 0.6140680030282084 0.6585365853658537 0.6200491848758858 0.6957637997432606 0.6918233670480141 0.6842105263157895 0.7027888671020892 0.6482670089858793 0.6559362759619499 0.6341463414634146
0 0.045855727498859716 0.19383825417201542 0.09370518228027856 0.15789473684210525 0.06978045488956913 0.1258023106546855 0.034890227444784566 0.13735558408215662 0.015949818260472946 0.1540436456996149
0 0.3040434105902655 0.6187419768934531 0.23725354662453507 0.6046213093709885 0.19040095548439578 0.6700898587933247 0.22529118292918035 0.6842105263157895 0.2542002285262876 0.7047496790757382 0.2761312286344379 0.6893453145057766 0.2900873196123517 0.6572528883183568
0 0.581171502865983 0.6405648267008985 0.48347886602058615 0.6469833119383825 0.4705196386839519 0.699614890885751 0.5771840483008647 0.7073170731707318 0.5871526847136603 0.6816431322207959
0 0.7885191402521312 0.5532734274711169 0.6778672760701002 0.5750962772785623 0.6549394123206703 0.5558408215661104 0.6649080487334659 0.5250320924261874 0.7217292762864008 0.5147625160462131 0.7516351855247876 0.5250320924261874
0 0.11364245510586973 0.8857509627727856 0.17445113722392283 0.9127086007702182 0.20834450102742785 0.8754813863928113 0.1585013189634499 0.8433889602053916
