0 0.4259471871412169 0.4421641791044777 0.3984199879722267 0.47201492537313433 0.3839319884096003 0.498134328358209 0.38248318845333773 0.5317164179104478 0.44333278661636866 0.5764925373134329 0.4650647859603083 0.5559701492537313 0.4752063856541468 0.5354477611940298 0.48534798534798523 0.5205223880597015 0.507079984691925 0.5111940298507462 0.5041823847793997 0.49067164179104483 0.48100158547919736 0.4869402985074627 0.46361598600404563 0.48880597014925375
0 0.6258815811054617 0.35447761194029853 0.6157399814116231 0.40298507462686567 0.6113935815428352 0.4626865671641791 0.6534087802744518 0.4776119402985074 0.6751407796183915 0.46828358208955223 0.6838335793559673 0.43843283582089554 0.6983215789185938 0.42350746268656714 0.689628779181018 0.39365671641791045 0.6563063801869773 0.3712686567164179
0 0.8939095730140505 0.2667910447761194 0.8547919741949592 0.28544776119402987 0.8576895741074844 0.30597014925373134 0.8576895741074844 0.32649253731343286 0.8663823738450602 0.33955223880597013 0.8924607730577879 0.34328358208955223 0.9141927724017275 0.3414179104477612 0.9156415723579902 0.31529850746268656 0.9098463725329395 0.2873134328358209
0 0.4491279864414192 0.6175373134328358 0.4288447870537422 0.585820895522388 0.40421518779727733 0.585820895522388 0.38827838827838823 0.5988805970149254 0.39117598819091354 0.6100746268656716 0.3940735881034388 0.6324626865671642 0.38972718823465086 0.6455223880597015 0.4085615876660652 0.6529850746268657 0.4505767863976819 0.6511194029850746
0 0.3332239899404078 0.7649253731343283 0.2955551910775791 0.7611940298507462 0.2680279919085889 0.7873134328358209 0.2723743917773768 0.8190298507462687 0.28975999125252855 0.8507462686567164 0.3071455907276803 0.8544776119402985 0.344814389590509 0.8600746268656717 0.3593023891531354 0.8227611940298507 0.3593023891531354 0.789179104477612
0 0.689628779181018 0.6529850746268657 0.6084959816303099 0.6492537313432836 0.5998031818927341 0.6791044776119403 0.6316767809305122 0.6809701492537313 0.6621015800120277 0.6921641791044776 0.68528237931223 0.6958955223880597
0 0.8765239735388988 0.44776119402985076 0.843201574544858 0.44589552238805974 0.8345087748072821 0.4776119402985074 0.8345087748072821 0.5130597014925373 0.8605871740200098 0.5167910447761194 0.8794215734514242 0.498134328358209 0.8982559728828384 0.49067164179104483 0.9098463725329395 0.4757462686567165 0.8982559728828384 0.4626865671641791
0 0.7693127767754633 0.25 0.7765567765567765 0.28171641791044777 0.7678639768192006 0.30783582089552236 0.7794543764693017 0.31902985074626866 0.8055327756820293 0.3246268656716418 0.806981575638292 0.2966417910447761 0.8113279755070799 0.27611940298507465
0 0.7432343775627356 0.11380597014925373 0.737439177737685 0.13619402985074627 0.7128095784812202 0.13059701492537312 0.7070143786561697 0.10820895522388058 0.689628779181018 0.1044776119402985 0.6838335793559673 0.08955223880597014 0.689628779181018 0.08208955223880597 0.6968727789623311 0.05783582089552239 0.7417855776064729 0.07276119402985075 0.7649663769066755 0.08022388059701493
0 0.06374719807555627 0.16791044776119401 0.08982559728828385 0.1623134328358209 0.08692799737575856 0.13246268656716417 0.06954239790060684 0.13246268656716417 0.03477119895030342 0.1455223880597015 0.018834399431414354 0.15111940298507462 0.03477119895030342 0.1791044776119403 0.046361598600404556 0.20149253731343283 0.060849598163030996 0.20149253731343283
0 0.03621999890656607 0.5485074626865671 0.07533759772565742 0.5652985074626866 0.08837679733202121 0.5783582089552238 0.0985183970258597 0.5988805970149254 0.07243999781313214 0.6138059701492538 0.04056639877535399 0.6268656716417911 0.028975999125252852 0.6399253731343284 0.007243999781313213 0.5914179104477612
0 0.4983871849543491 0.8302238805970148 0.48969438521677316 0.8638059701492538 0.45347438631020714 0.8638059701492538 0.44333278661636866 0.8768656716417911 0.46361598600404563 0.8824626865671642 0.48824558526051054 0.8861940298507462 0.5172215843857634 0.8861940298507462 0.5259143841233392 0.8675373134328358 0.5317095839483899 0.8563432835820897
0 0.8200207752446557 0.6380597014925374 0.8374063747198073 0.6641791044776119 0.8765239735388988 0.6567164179104478 0.9301295719206165 0.667910447761194 0.9489639713520309 0.6511194029850748 0.9591055710458695 0.6250000000000001 0.9315783718768792 0.6305970149253731 0.9141927724017275 0.6417910447761195 0.8968071729265759 0.6343283582089553 0.8533431742386965 0.6324626865671642
0 0.7823519763818271 0.5447761194029851 0.6722431797058662 0.5522388059701493 0.6693455797933409 0.5279850746268657 0.7345415778251598 0.5149253731343284 0.7780055765130391 0.5149253731343284
0 0.5737247826800065 0.673507462686567 0.583866382373845 0.6548507462686567 0.543299983598491 0.6417910447761195 0.502733584823137 0.6585820895522388 0.4998359849106117 0.6791044776119403 0.5172215843857634 0.6865671641791045 0.563583182986168 0.6921641791044776
0 0.2781695916024274 0.6847014925373134 0.28975999125252855 0.6604477611940298 0.3158383904652561 0.6548507462686567 0.31728719042151876 0.6268656716417911 0.2984527909901044 0.6231343283582089 0.2723743917773768 0.6268656716417911 0.26657919195232627 0.6399253731343284 0.24919359247717454 0.6119402985074627 0.23180799300202282 0.6175373134328358 0.22746159313323489 0.6380597014925373 0.20862719370182053 0.6455223880597015 0.19124159422666887 0.6473880597014925 0.21731999343939642 0.673507462686567 0.23470559291454812 0.6716417910447761 0.24919359247717454 0.6585820895522388 0.24919359247717454 0.6753731343283582 0.2535399923459625 0.6847014925373134 0.26078399212727565 0.6996268656716418
0 0.24050079273959868 0.9309701492537313 0.19848559400798205 0.923507462686567 0.20572959378929526 0.957089552238806 0.17820239462030504 0.9645522388059702 0.23615439287081075 0.9776119402985075 0.23615439287081075 0.9589552238805971
0 0.05505439833798042 0.9496268656716418 0.03477119895030342 0.8936567164179103 0.0014487999562626424 0.9104477611940298 0.007243999781313213 0.9458955223880597
0 0.9112951724892022 0.13059701492537312 0.9199879722267781 0.16791044776119401 0.9851839702585969 0.14738805970149255 0.9851839702585969 0.12313432835820896
