0 0.4250969450123432 0.7239881238271297 0.4440242458131335 0.7088371139178791 0.4573245112407158 0.6930273644473567 0.4312355290558428 0.6587729072612248 0.41793526362826033 0.66074912594504 0.4036119008600948 0.6693127402415731 0.39951951149776177 0.6805113127831932 0.3944040247948455 0.6890749270797261 0.36524575058822273 0.6982972809375307 0.334552830370725 0.6811700523444648 0.32534495430547566 0.6890749270797261 0.31613707824022635 0.7029084578664332 0.3130677862184766 0.7246468633884016 0.3222756622837259 0.7226706447045862 0.33659902505189154 0.7075196347953355 0.3524570338309319 0.7206944260207709 0.384173051389013 0.7285993007560321 0.4036119008600948 0.7200356864594991 0.41537752027680225 0.7154245095305967
0 0.2660053085516468 0.7365041754912931 0.2752131846168961 0.7206944260207709 0.2895365473850617 0.6969798018149872 0.28186331733068726 0.6917098853248131 0.2680515032328133 0.7022497183051614 0.25423968913493933 0.7101545930404227 0.24758955642114816 0.7193769468982274 0.24912420243202305 0.7312342590011192 0.2573089811566891 0.740456612858924 0.25270504312406444 0.7523139249618156 0.25628588381610584 0.7602187996970768
0 0.1851806186455695 0.7411153524201957 0.17085725587740389 0.7470440084716414 0.15397614975778015 0.7523139249618156 0.14118743300048944 0.7608775392583486 0.13095645959465688 0.7582425810132617 0.10537902608007546 0.7450677897878264 0.09770579602570102 0.7450677897878264 0.08235933591695216 0.7562663623294463 0.07417455719228613 0.7681236744323381 0.08594017660899357 0.7812984656577736 0.10947141544240849 0.776687288728871 0.15551079576865504 0.7806397260965017 0.1867152646564444 0.7674649348710662 0.1938769460405272 0.7556076227681746 0.1897845566781942 0.7450677897878264
0 0.36626884792880593 0.7727348513612404 0.3570609718635566 0.785250903025404 0.36422265324763947 0.7964494755670241 0.3601302638853065 0.8083067876699159 0.35399167984180685 0.8175291415277205 0.3550147771823901 0.8267514953855255 0.34273760909539097 0.8320214118756994 0.34120296308451614 0.8399262866109606 0.33762212239247474 0.8451962031011349 0.3243218569648924 0.8471724217849501 0.31971791893226775 0.8570535152040264 0.31818327292139287 0.8689108273069185 0.29465203408797797 0.8735220042358209 0.2793055739792291 0.8754982229196361 0.2649822112110635 0.878791920725995 0.2573089811566891 0.8840618372161692 0.25117039711318956 0.8906492328288865 0.2465664590805649 0.9005303262479633 0.23531238833414908 0.9216099922086598 0.2624244678596054 0.9209512526473881 0.30488300749381053 0.9051415031768657 0.3371105737221831 0.9025065449317786 0.39338092745426223 0.8939429306352455 0.4199814583094269 0.8761569624809078 0.43583946708846744 0.8484899009074937 0.4230507503311767 0.8458549426624066 0.41537752027680225 0.8438787239785913 0.41691216628767713 0.8293864536306124 0.414354422936219 0.8234577975791665 0.4087273875630111 0.8076480481086441 0.40310035218980317 0.7984256942508394 0.40310035218980317 0.7872271217092193 0.3954271221354288 0.7872271217092193 0.3913347327730957 0.7826159447803172 0.3764998213346386 0.7733935909225123
0 0.19950398141373507 0.9268799086988337 0.20564256545723458 0.9143638570346703 0.22508141492831651 0.9130463779121268 0.23326619365298257 0.9143638570346703 0.2399163263667737 0.8992128471254197 0.22968535296094117 0.8899904932676149 0.23889322902619045 0.8781331811647232 0.23480083966385745 0.8689108273069185 0.2225236715768584 0.8689108273069185 0.22303522024715 0.8781331811647232 0.21126960083044252 0.8860380558999844 0.20461946811665135 0.8860380558999844 0.20564256545723458 0.8741807437970925 0.19848088407315181 0.8768157020421796 0.1923423000296523 0.8820856185323538 0.18006513194265325 0.8827443580936254 0.18211132662381974 0.8735220042358209 0.17136880454769549 0.8761569624809078 0.16267247715273783 0.8807681394098102 0.16267247715273783 0.8913079723901585 0.16267247715273783 0.8985541075641479 0.1529530524171969 0.904482763615594 0.14527982236282247 0.9090939405444961 0.1365834949678648 0.9137051174733987 0.1350488489569899 0.9288561273826492 0.15551079576865504 0.9255624295762902 0.17136880454769549 0.9150225965959422 0.17904203460206994 0.9084352009832244 0.1897845566781942 0.9189750339635726
0 0.15755699044982155 0.8768157020421796 0.1621609284824462 0.8662758690618314 0.14988376039544715 0.8636409108167443 0.12481787555115734 0.8531010778363961 0.11560999948590803 0.867593348184375 0.10435592873949219 0.8722045251132772 0.09310185799307638 0.8827443580936254 0.09770579602570102 0.8939429306352455 0.1330026542758234 0.8946016701965174 0.14834911438457227 0.8899904932676149
0 0.06701287580820332 0.8913079723901585 0.08594017660899357 0.8807681394098102 0.10384438006920056 0.8656171295005596 0.10537902608007546 0.8412437657335041 0.09259030932278475 0.8188466206502641 0.0828708845872438 0.8102830063537312 0.06701287580820332 0.8129179645988183 0.05729345107266239 0.82477527670171 0.047062477666829826 0.8366325888046018 0.034273760909539104 0.8517835987138525 0.036831504260997246 0.8583709943265702 0.036831504260997246 0.8735220042358209 0.03580840692041399 0.8834030976548973 0.043481636974788414 0.8946016701965174
0 0.527406679070669 0.8195053602115359 0.5212680950271693 0.8366325888046018 0.5320106171032936 0.838608807488417 0.5361030064656266 0.8353151096820582 0.5371261038062098 0.8280689745080688
0 0.47829800672267253 0.9084352009832244 0.4624399979436321 0.9090939405444961 0.44913973251604977 0.9347847834340951 0.45220902453779954 0.9413721790468127 0.4680670333168401 0.9479595746595304 0.47369406869004793 0.957840668078607 0.5054100862481289 0.9664042823751399 0.516152608324253 0.9723329384265859 0.5222911923677526 0.963110584568781 0.5028523428966708 0.9466420955369869 0.4951791128422963 0.9407134394855409 0.4829019447552972 0.9156813361572139
0 0.5825762850420311 0.6745826567317472 0.5933188071181553 0.6996147600600743 0.6045728778645711 0.7101545930404227 0.6066190725457377 0.6956623226924437 0.5953650017993218 0.6772176149768343
0 0.8224926114088048 0.6087087006045706 0.803053761937723 0.6403281995456154 0.8045884079485979 0.6614078655063118 0.8163540273653053 0.6647015633126707 0.8516508856154278 0.6798525732219213 0.870578186416218 0.6726064380479319 0.8869477438655501 0.6693127402415731 0.9033173013148822 0.6600903863837684 0.9140598233910062 0.6436218973519742 0.9028057526445906 0.624518450075093 0.8736474784379676 0.6199072731461905 0.8603472130103854 0.6304471061265389 0.8526739829560109 0.6185897940236471 0.8419314608798868 0.6139786170947447
0 0.5805300903608646 0.7832746843415886 0.5795069930202813 0.8010606524959265 0.5754146036579483 0.8096242667924594 0.5692760196144487 0.8214815788953512 0.5667182762629905 0.8320214118756994 0.5830878337123228 0.8339976305595148 0.5974111964804883 0.8089655272311876 0.5968996478101967 0.7819572052190451
